4.560342718892494 -4.681269298732548 0
4.478274870593493 -1.3764308869675936 0
-4.434486322731913 -3.281190078742676 1
-4.151280048410784 1.7276544141354178 1
3.3549887812944963 -4.170968225954245 0
2.359699890685233 4.545621653457477 1
1.6973040144022091 -4.746552851730989 0
-1.9186354241085581 2.29423507441804 1
1.0594416567846245 -4.788551302768493 0
1.0680173364083787 -2.443099459425574 0
0.8120401711200307 3.1335438740227577 1
-3.4161712974519443 -3.4288171131322507 1
-0.6933035970873132 -3.162611907490238 1
-1.0646817979462861 1.9149542601359073 1
2.2301208123746585 -1.1443411864743949 0
4.948195629497427 -4.5683900420250065 0
4.493954730932435 4.900015462028012 0
0.44177047429320826 -3.4857989124344844 0
-0.5514581127414644 -4.63731005756586 0
-2.317592583506719 -1.5579899446320535 1
-4.640756706071424 1.1523948332485752 1
-4.72555142909181 2.424596231257796 1
-0.35106137902687884 -3.868850969819231 0
-1.8153487214632258 -1.6278622680335477 1
-1.1998507809928838 -4.691891423733114 0
3.9178945782828745 -0.5134673750770604 0
0.2575276914602833 2.6596993658807815 1
0.6051036102649885 2.399466637207005 1
-2.638765928849379 4.020201583500368 1
-4.761419208592178 2.556621536750643 1
-1.7485707123883998 3.624457763254279 1
-3.633026070135333 2.0534514005076554 1
0.10223845837201129 -0.27220487901687296 1
4.98683568192552 -2.744724296521124 0
1.7447969734587012 1.6082849865701387 1
-3.181565031768556 -1.8369407327174079 1
3.9357153658298856 -3.9795089495030176 0
2.9675992142163956 -0.5217813858084881 0
2.3440169189397775 3.7476304134796727 1
4.06593649897561 -3.724635353812121 0
2.62885483833071 0.8495569811060744 0
2.897476374617632 -1.0704744989483261 0
-1.4621302215839647 0.14802696764177092 1
4.809765730721265 -3.5617053602305604 0
4.619009378982257 4.5973118648716085 0
-3.3881534669598112 -2.409035767477945 1
2.540040716518721 1.0607793905350267 0
2.1515089823745353 -0.8024445434425314 0
-0.38593302258022355 -4.819667808750734 0
0.3035571612344503 0.5795012383907991 1
-0.09986078149808719 -3.5943062103866574 0
4.248320720945703 -4.432190041768036 0
0.00841062630654843 -4.66443753751353 0
3.315244897918122 -3.3883498481876586 0
-1.460757951312841 -4.041280563668169 1
3.82850918581253 1.3507569753866688 0
3.9970058875662566 0.08259184035643585 0
-0.3898783511836239 4.834660940475278 1
0.6770507042024434 4.341303186968068 1
4.203304391919287 4.945252332595032 0
2.237729538720183 -2.675261593321899 0
-0.13391445138414948 -0.5530254488030328 1
-2.781889890089891 -2.4921923815884286 1
-1.75332756231102 0.9123734554799796 1
1.9957163807024356 1.2416405075478227 0
-3.3393031450587385 3.0020745563439633 1
4.079404966260945 2.0949830382934964 0
-2.3186248710018367 -2.4339071151196503 1
4.113778358680468 -0.7698307723747844 0
-1.9043687505053928 0.26189943780584635 1
4.57361711556158 -4.951752189463717 0
2.062058063676046 -4.645005882922354 0
0.042488169833175604 -0.9127358227792568 1
0.17747756148552085 -3.88825032770024 0
1.5141439896679074 2.2376967286930496 1
0.8794471179448458 -2.591344855583367 0
-1.8815567544899983 -4.00226913245009 1
-2.9218152546207277 -3.182399216995747 1
0.1189165835528252 -2.6847457062285915 0
4.341543591337786 -2.8264636528164075 0
1.232650867258723 0.2073636404789747 0
-4.246246309259546 -0.3559688885615975 1
3.2039999471201686 -1.90273929122587 0
2.259492874772981 1.4175875768067474 0
4.076536209513208 -2.8755025800551026 0
-3.085972666958825 4.065626767316825 1
2.447827242773542 4.631166548292377 1
-4.4124110360134425 2.289310455775243 1
1.529099274345497 -0.6626613121033493 0
-2.2690026766285065 0.11501342217047661 1
-2.7338347075523695 0.8107630604015945 1
3.754911714482379 -4.487652563941699 0
-3.937340173544751 -0.8198361151754359 1
0.22362665358929945 0.25064532319761845 1
3.53943007184872 -3.1877493917482846 0
-2.551680220309831 -4.062132115416817 1
-2.895210613043535 3.0265520870538616 1
3.8058175936627983 -1.338160334566021 0
-0.7708235161030395 0.19209690098985543 1
2.169610989049753 4.2145034759186935 1